$ 3 0.000005 10.20027730826997 50 5 43 5e-11
r 112 112 240 112 0 1390
v -48 136 -48 96 0 0 40 5 0 0 0.5
S 112 112 32 112 0 1 false 0 2
w -48 96 -8 96 0
w -48 160 -48 248 0
w 32 128 32 160 0
w 32 160 -48 160 0
S 96 224 32 224 0 1 false 0 2
w 32 208 -8 208 0
w -8 208 -8 96 0
w -48 248 32 248 0
w 32 248 32 240 0
r 96 224 248 224 0 695
w 240 112 248 112 0
w 248 112 248 224 0
w 248 224 248 272 0
r 248 304 248 392 0 75
w -48 248 -48 392 0
w -48 392 248 392 0
p 248 272 352 272 3 0 0
w 352 272 352 392 0
w 352 392 248 392 0
w 248 304 248 272 0
w 32 96 -8 96 0
w -48 136 -48 160 0
